image_width: 1024 
image_height: 768
camera_name: 18295827
camera_matrix:
  rows: 3
  cols: 3
  data: [2.325648918008917008e+03, 0.000000000000000000e+00, 1.048423967212007256e+03,
        0.000000000000000000e+00, 2.318457608481704938e+03, 7.422628923089183672e+02,
        0.000000000000000000e+00, 0.000000000000000000e+00, 1.000000000000000000e+00]
distortion_model: plumb_bob
distortion_coefficients:
  rows: 1
  cols: 5
  data: [-1.979822324471982586e-01, -3.814381174590966705e-01, -2.903159230456809226e-03, -9.874913318578975620e-04, 2.758917914847960784e+00]
rectification_matrix:
  rows: 3
  cols: 3
  data: [1.000000, 0.000000, 0.000000, 
        0.000000, 1.000000, 0.000000, 
        0.000000, 0.000000, 1.000000]
projection_matrix:
  rows: 3
  cols: 4
  data: [2.325648918008917008e+03, 0.000000000000000000e+00, 1.048423967212007256e+03, 0, 
        0.000000000000000000e+00, 2.318457608481704938e+03, 7.422628923089183672e+02, 0, 
        0.000000000000000000e+00, 0.000000000000000000e+00, 1.000000000000000000e+00, 0]